0,1,0->518->722->754->801->1017->793->307->654->141->0,480,961,128715,0
1,1,0->856->646->36->964->550->510->799->0,480,950,93009,0
2,1,0->1027->261->253->921->279->63->1086->679->807->0,480,978,167860,0
3,1,0->1020->770->196->377->233->160->391->932->520->0,480,927,140920,0
4,1,0->565->167->478->593->124->919->230->0,480,899,99180,0
5,1,0->989->109->577->254->180->1012->352->8->504->0,480,947,138930,0
6,1,0->982->514->144->271->414->951->1059->876->576->472->0,480,949,130651,0
7,1,0->188->640->511->425->84->418->107->1049->257->27->0,480,992,150904,0
8,1,0->1085->111->159->419->1067->264->248->810->475->0,480,951,164881,0
9,1,0->605->456->102->524->910->99->401->561->535->0,480,921,99136,0
10,1,0->553->113->816->609->473->693->714->612->148->1017->0,480,966,104834,0
11,1,0->58->862->871->975->570->974->43->1096->356->525->0,480,976,130808,0
12,1,0->1091->234->1085->351->455->130->692->0,480,934,172781,0
13,1,0->539->153->855->389->454->459->283->590->269->0,480,952,98151,0
14,1,0->931->956->1074->875->621->150->724->785->0,480,937,177689,0
15,1,0->606->534->716->802->1012->164->591->508->114->0,480,980,160625,0
16,1,0->157->149->408->616->954->1017->171->229->0,480,914,138932,0
17,1,0->622->449->947->1012->92->440->161->652->967->0,480,981,178863,0
18,1,0->831->830->850->602->689->749->1049->678->732->0,480,960,137494,0
19,1,0->684->1049->843->170->319->423->532->304->205->0,480,937,151204,0
20,1,0->562->243->613->284->1012->544->476->477->675->0,480,991,171979,0
21,1,0->996->625->805->466->484->628->211->948->1023->74->0,480,975,137262,0
22,1,0->813->394->462->463->37->717->1049->0,480,869,110095,0
23,1,0->899->782->204->939->759->468->641->1043->742->0,480,947,115933,0
24,1,0->911->313->30->186->85->647->980->1084->276->0,480,953,132791,0
25,1,0->792->120->158->1096->798->380->94->323->178->0,480,979,178360,0
26,1,0->1082->688->464->121->1100->704->83->784->0,480,971,195935,0
27,1,0->1075->185->533->567->361->245->1059->0,480,894,165434,0
28,1,0->853->817->866->721->64->1049->600->650->668->0,480,974,164587,0
29,1,0->763->999->250->400->783->700->470->1008->815->0,480,954,130048,0
30,1,0->220->4->288->442->183->177->1079->95->0,480,919,120411,0
31,1,0->1023->487->190->642->669->944->1027->293->0,480,969,168082,0
32,1,0->1064->203->129->172->611->255->1084->940->191->0,480,957,164368,0
33,1,0->194->501->1012->354->710->216->398->885->837->0,480,990,195617,0
34,1,0->374->788->526->638->530->1026->0,480,976,118649,0
35,1,0->497->368->73->156->548->823->1016->505->838->0,480,966,138466,0
36,1,0->1016->953->123->728->908->53->857->662->125->1014->0,480,1027,170517,0
37,1,0->809->184->977->338->1096->0,480,801,110552,0
38,1,0->922->903->336->447->513->163->1022->852->0,480,961,133103,0
39,1,0->1016->20->247->659->173->342->607->753->1059->0,480,961,161987,0
40,1,0->1027->103->404->854->193->545->906->47->1086->0,480,954,147308,0
41,1,0->1036->886->963->615->619->740->503->1016->0,480,978,172185,0
42,1,0->7->955->841->101->543->106->217->29->897->345->1032->0,480,991,115581,0
43,1,0->863->564->369->335->846->495->397->949->1030->212->0,480,980,132517,0
44,1,0->334->224->541->1013->563->677->791->314->918->0,480,968,154038,0
45,1,0->699->744->392->826->945->1032->200->360->0,480,963,136587,0
46,1,0->273->720->735->81->289->937->135->86->1064->0,480,997,117707,0
47,1,0->57->865->767->189->292->38->757->208->494->1079->0,480,1007,119553,0
48,1,0->1016->916->277->327->976->558->181->509->1052->0,480,990,170258,0
49,1,0->237->719->45->531->0,480,745,89786,0
50,1,0->1067->115->429->1060->396->417->568->259->880->0,480,960,171063,0
51,1,0->9->542->943->752->664->992->437->436->923->970->1080->0,480,1004,128307,0
52,1,0->868->738->907->349->168->676->969->0,480,876,97128,0
53,1,0->1067->483->411->426->1018->44->705->929->383->0,480,971,173247,0
54,1,0->927->198->682->1063->40->246->2->990->28->0,480,967,168131,0
55,1,0->925->340->756->321->435->324->648->909->971->1019->0,480,968,125131,0
56,1,0->430->764->771->492->93->136->41->694->223->1052->0,480,1007,129092,0
57,1,0->1039->474->498->834->617->381->1031->895->0,480,985,206956,0
58,1,0->797->502->272->997->493->33->1096->0,480,912,112202,0
59,1,0->1016->215->574->894->758->587->595->761->1023->0,480,1001,165949,0
60,1,0->1096->747->126->814->806->680->1052->873->166->11->0,480,975,158353,0
61,1,0->610->746->31->25->726->706->112->983->1036->0,480,1003,129333,0
62,1,0->870->743->145->467->778->842->877->779->1014->0,480,961,128528,0
63,1,0->1016->256->670->122->832->905->195->993->506->1027->0,480,1016,168497,0
64,1,0->690->914->357->760->651->1016->789->848->516->0,480,982,160366,0
65,1,0->660->773->800->133->1080->151->734->965->0,480,940,141469,0
66,1,0->796->603->529->446->580->232->808->512->1030->434->0,480,997,153867,0
67,1,0->1084->422->416->707->1080->290->960->0,480,893,167771,0
68,1,0->1031->143->174->162->56->263->297->890->845->295->1041->0,480,1056,194942,0
69,1,0->448->137->317->772->1049->0,480,937,112706,0
70,1,0->697->251->366->672->298->309->1014->0,480,973,125391,0
71,1,0->653->598->131->331->116->928->1047->835->0,480,975,141539,0
72,1,0->291->930->328->399->118->581->748->438->265->1038->0,480,1011,132133,0
73,1,0->988->986->482->275->1044->656->90->0,480,927,158992,0
74,1,0->1084->70->938->755->97->82->1038->844->630->0,480,973,177600,0
75,1,0->410->18->887->226->199->485->480->119->24->1080->0,480,1004,129806,0
76,1,0->1085->98->821->582->1053->858->588->415->201->0,480,997,196987,0
77,1,0->1067->403->100->859->60->1087->465->881->46->346->0,480,995,173266,0
78,1,0->1097->67->72->303->318->10->481->936->1052->0,480,970,175001,0
79,1,0->1027->61->849->636->402->685->479->1090->883->994->0,480,1005,183460,0
80,1,0->645->428->281->489->79->709->557->812->1057->0,480,993,133977,0
81,1,0->1084->312->941->310->1094->496->367->942->824->0,480,973,177194,0
82,1,0->1067->52->266->741->1079->586->776->80->490->0,480,976,184544,0
83,1,0->751->673->634->523->393->861->457->536->1095->0,480,962,131678,0
84,1,0->950->981->723->32->683->214->202->1040->433->0,480,989,155021,0
85,1,0->294->384->282->413->571->6->406->1021->412->0,480,976,147168,0
86,1,0->42->698->385->1027->840->23->898->604->0,480,930,139033,0
87,1,0->819->596->891->573->127->727->1021->104->0,480,993,149456,0
88,1,0->364->128->902->1035->330->515->471->0,480,969,152932,0
89,1,0->695->59->644->207->803->546->66->1022->0,480,971,122910,0
90,2,0->657->0,480,643,71236,0
91,1,0->730->409->54->1079->601->34->322->882->1021->0,480,1047,232445,0
92,1,0->332->460->973->1096->0,480,795,105256,0
93,1,0->794->874->712->134->701->686->995->1025->55->0,480,1001,160176,0
94,1,0->1027->804->631->386->961->75->1033->0,480,1024,162596,0
95,1,0->538->441->329->14->71->661->1048->146->0,480,1018,184458,0
96,1,0->1016->355->35->627->750->221->91->1066->0,480,967,169790,0
97,1,0->17->458->488->187->301->818->461->1081->0,480,996,144752,0
98,1,0->387->825->176->1000->765->165->1026->0,480,972,120364,0
99,1,0->1096->227->341->917->1081->632->0,480,872,173267,0
100,1,0->1096->839->379->308->450->959->49->362->1081->491->0,480,1001,177946,0
101,1,0->781->715->820->175->140->1057->311->76->0,480,980,179211,0
102,1,0->1096->320->893->517->924->252->451->372->1042->0,480,982,149234,0
103,1,0->1064->649->878->347->225->519->378->382->1100->629->0,480,1017,189406,0
104,1,0->733->370->635->528->560->737->1053->829->0,480,1008,163177,0
105,1,0->142->972->884->867->267->5->913->1025->241->0,480,993,163169,0
106,1,0->1027->768->262->946->427->671->443->711->1100->585->0,480,1030,204811,0
107,1,0->1075->780->244->691->353->639->1100->579->0,480,1006,213990,0
108,1,0->1024->238->302->687->21->139->912->1009->375->0,480,1031,199602,0
109,1,0->453->703->407->578->365->1099->182->836->1034->0,480,1036,207570,0
110,1,0->1053->1->424->860->108->299->1081->0,480,983,178776,0
111,1,0->420->665->376->663->218->904->847->1003->0,480,966,129510,0
112,1,0->1084->507->851->900->210->236->89->667->1033->0,480,988,182520,0
113,1,0->1082->213->775->350->228->105->209->96->3->1002->0,480,1037,196611,0
114,1,0->827->666->1046->348->69->920->87->1094->0,480,1033,226397,0
115,1,0->559->555->828->445->1020->499->305->0,480,942,152650,0
116,1,0->554->998->240->15->432->1020->556->624->0,480,957,159881,0
117,1,0->22->249->872->339->1047->0,480,898,128942,0
118,1,0->1016->306->444->147->278->633->984->713->1016->0,480,969,169368,0
119,1,0->777->1003->674->363->569->811->1062->0,480,955,176221,0
120,1,0->1085->258->966->623->486->552->1025->222->0,480,948,170786,0
121,1,0->1100->388->958->50->736->962->739->795->1031->0,480,990,195317,0
122,1,0->1096->62->597->296->1024->0,480,808,146543,0
123,1,0->1027->592->452->206->901->599->864->169->242->1081->0,480,1027,176827,0
124,1,0->1027->343->575->285->594->952->1027->0,480,958,161337,0
125,1,0->991->88->934->78->1099->344->439->315->1027->0,480,1044,202408,0
126,1,0->1036->637->933->117->696->614->138->1009->626->0,480,992,196385,0
127,1,0->1016->769->132->589->26->787->65->774->431->1056->0,480,1042,192509,0
128,1,0->1027->766->16->583->1045->702->521->551->395->1039->0,480,1056,224737,0
129,1,0->1053->987->192->280->1096->0,480,944,158045,0
130,1,0->1056->985->179->51->762->19->469->572->888->1075->0,480,1042,199724,0
131,1,0->643->658->1074->584->0,480,923,158183,0
132,1,0->1036->968->405->926->537->48->547->879->1002->0,480,987,185460,0
133,1,0->1075->500->729->786->1096->0,480,900,157515,0
134,1,0->1053->540->390->725->1083->869->77->0,480,973,231864,0
135,1,0->655->681->1001->286->373->68->1062->0,480,996,175018,0
136,1,0->1053->421->239->300->833->896->892->915->1068->0,480,1054,199110,0
137,1,0->316->978->566->1012->0,480,820,110262,0
138,1,0->1096->549->618->1010->12->957->0,480,981,198676,0
139,1,0->1070->522->333->1076->287->0,480,885,152395,0
140,1,0->326->268->155->1001->708->1095->0,480,1030,203437,0
141,1,0->1064->358->197->325->1095->0,480,824,150317,0
142,1,0->1056->39->935->527->274->235->889->1045->0,480,1059,215673,0
143,2,0->154->0,480,705,24690,0
144,2,0->745->0,480,776,92866,0
145,2,0->608->0,480,722,52034,0
146,1,0->1097->337->270->1027->0,480,954,149551,0
147,1,0->1053->731->620->231->371->1075->0,480,1082,173727,0
148,2,0->718->0,480,877,61126,0
149,1,0->152->110->1002->0,480,1029,156544,0
150,1,0->1056->359->0,480,900,153310,0
151,1,0->1082->13->260->1067->0,480,1002,156223,0
152,1,0->1020->979->0,480,903,108981,0
153,1,0->1014->219->0,480,916,130059,0
154,1,0->790->0,480,821,18142,0
155,2,0->1023->822->0,480,918,133614,0
