0,1,0->423->324->973->199->1017->1017->1017->0,644,586,85266,0
1,1,0->0,480,480,0,0
2,1,0->921->1027->1027->1027->1027->1027->1027->190->253->264->0,629,614,109747,0
3,1,0->448->598->137->196->377->34->1076->233->321->160->0,561,663,137197,0
4,1,0->0,480,480,0,0
5,1,0->220->989->0,531,555,61317,0
6,1,0->816->1086->1086->982->514->271->414->951->524->0,536,694,120329,0
7,1,0->925->1079->1079->1079->1079->188->781->640->208->38->161->652->0,537,777,100368,0
8,1,0->518->1085->1085->1085->1085->111->482->927->466->455->1067->248->0,516,792,155259,0
9,1,0->0,480,480,0,0
10,1,0->947->899->338->237->602->0,607,552,58126,0
11,1,0->0,480,480,0,0
12,1,0->754->351->801->0,623,554,60757,0
13,1,0->813->153->539->0,523,546,52602,0
14,1,0->999->194->931->956->1074->621->785->0,499,791,166567,0
15,1,0->0,480,480,0,0
16,1,0->0,480,480,0,0
17,1,0->0,480,480,0,0
18,1,0->0,480,480,0,0
19,1,0->254->843->291->1049->1049->1049->1049->391->0,597,590,53290,0
20,1,0->534->613->243->634->1012->1012->0,516,613,108657,0
21,1,0->0,480,480,0,0
22,1,0->0,480,480,0,0
23,1,0->0,480,480,0,0
24,1,0->101->697->313->186->276->356->0,543,779,97304,0
25,1,0->1080->1080->1080->332->792->120->622->831->0,488,629,121663,0
26,1,0->36->493->6->629->1039->121->13->461->346->784->0,693,696,175200,0
27,1,0->1075->1075->103->261->886->185->533->361->1059->1059->1059->0,490,722,172373,0
28,1,0->717->710->732->600->107->0,744,555,60201,0
29,1,0->749->319->911->826->0,676,546,52594,0
30,1,0->288->0,562,496,12820,0
31,1,0->408->856->802->0,558,521,32016,0
32,1,0->478->63->1064->1064->611->255->593->0,640,573,74386,0
33,1,0->354->954->616->180->257->0,707,567,50735,0
34,1,0->1062->1062->374->788->526->638->530->0,531,813,117328,0
35,1,0->908->615->368->548->823->1016->505->789->607->342->838->753->0,530,847,153230,0
36,1,0->245->1016->1016->1016->728->53->944->550->0,658,665,110342,0
37,1,0->449->184->573->1008->0,527,611,106387,0
38,1,0->380->476->229->0,782,536,46184,0
39,1,0->497->411->247->659->173->0,565,647,96667,0
40,1,0->404->1066->854->193->545->47->513->0,621,707,100269,0
41,1,0->1036->1036->483->487->631->528->567->35->263->740->1016->0,511,837,177880,0
42,1,0->400->468->700->783->106->470->217->897->345->975->124->0,699,613,95722,0
43,1,0->473->738->609->868->863->335->293->949->397->148->0,599,736,98633,0
44,1,0->7->955->930->862->364->997->334->1013->759->284->0,536,633,120743,0
45,1,0->871->204->314->641->544->0,635,670,71813,0
46,1,0->939->392->628->937->289->135->86->810->0,680,661,98608,0
47,1,0->442->189->216->292->92->591->520->0,695,615,80853,0
48,1,0->1016->1016->277->976->832->122->735->484->647->0,570,660,133560,0
49,1,0->0,480,480,0,0
50,1,0->1067->1067->1067->1067->996->30->429->797->81->417->259->945->742->0,560,755,109620,0
51,1,0->532->133->752->664->992->437->304->0,686,595,80416,0
52,1,0->693->349->852->969->855->590->230->0,686,631,82138,0
53,1,0->907->603->934->329->1018->426->929->705->163->612->654->0,596,735,122166,0
54,1,0->456->805->251->720->167->246->707->1063->543->689->0,523,674,119405,0
55,1,0->128->17->756->340->9->0,569,576,77234,0
56,1,0->565->541->430->764->492->771->396->923->0,571,720,99305,0
57,1,0->224->129->203->1039->62->474->143->147->760->834->617->381->1031->895->0,483,885,231234,0
58,1,0->170->93->272->85->33->964->791->0,666,672,96408,0
59,1,0->716->563->761->758->136->475->0,723,605,99790,0
60,1,0->1096->1096->1096->1096->1096->1096->1096->1096->1096->1096->570->806->360->844->223->873->43->0,678,658,92419,0
61,1,0->501->746->172->25->726->1036->112->706->948->940->510->0,582,783,133811,0
62,1,0->763->922->870->298->778->779->1014->1014->568->677->0,578,769,108990,0
63,1,0->1016->916->256->905->993->877->401->0,554,805,137288,0
64,1,0->642->498->914->357->123->73->156->1016->144->848->91->383->44->516->66->692->269->0,563,793,182217,0
65,1,0->273->502->903->773->1060->809->682->0,532,621,114416,0
66,1,0->463->37->14->580->446->232->808->512->212->793->0,667,659,99234,0
67,1,0->577->841->266->1052->1052->1052->941->290->798->0,585,595,92327,0
68,1,0->646->1031->953->215->355->174->162->56->295->845->297->1041->558->919->0,520,870,191373,0
69,1,0->57->681->317->835->1049->1049->0,647,681,109383,0
70,1,0->850->58->366->309->181->205->561->0,608,710,94552,0
71,1,0->109->653->131->770->322->928->116->1047->0,516,852,136870,0
72,1,0->721->648->118->1044->481->748->11->114->525->0,741,611,103632,0
73,1,0->113->986->988->0,516,600,98257,0
74,1,0->699->938->800->97->755->977->1038->1038->672->265->656->630->694->200->29->141->0,612,743,143704,0
75,1,0->4->606->310->943->410->18->226->485->480->1080->171->0,557,785,116000,0
76,1,0->336->98->901->159->636->1053->415->83->588->587->675->880->477->0,614,751,174938,0
77,1,0->142->747->403->100->859->1087->465->842->881->0,549,761,150366,0
78,1,0->830->782->1097->234->821->303->318->1052->0,498,731,166774,0
79,1,0->64->40->680->581->685->479->509->1090->994->119->28->27->970->0,734,651,131787,0
80,1,0->645->84->425->140->1057->1057->601->668->557->885->504->0,618,730,116524,0
81,1,0->1084->1084->1084->1084->1084->744->422->312->597->893->460->488->1094->824->942->367->960->0,532,826,189944,0
82,1,0->741->178->323->709->776->398->95->0,694,646,88394,0
83,1,0->157->751->149->393->457->861->1095->471->837->0,544,793,118566,0
84,1,0->45->950->625->981->32->214->683->202->1040->496->508->0,533,832,151524,0
85,1,0->542->294->409->384->413->282->571->1021->1021->1021->406->10->41->352->0,562,765,145908,0
86,1,0->454->840->23->898->604->1046->0,735,611,95140,0
87,1,0->910->596->819->727->436->0,578,734,97896,0
88,1,0->553->767->865->820->902->330->757->650->0,602,738,94049,0
89,1,0->529->796->564->695->59->644->207->676->803->1022->1022->0,551,753,121037,0
90,2,0->0,480,480,0,0
91,1,0->250->126->730->814->974->0,586,594,92574,0
92,1,0->0,480,480,0,0
93,1,0->794->874->712->134->701->686->1019->0,603,617,102544,0
94,1,0->1032->1032->722->1033->804->187->0,534,657,144373,0
95,1,0->441->495->538->168->71->546->661->1048->906->679->576->799->0,633,744,129054,0
96,1,0->447->627->750->221->307->0,667,673,96286,0
97,1,0->817->673->458->818->301->912->1081->46->918->191->0,605,793,137974,0
98,1,0->387->825->1000->765->165->1026->1026->0,603,752,110000,0
99,1,0->531->341->1081->49->632->983->980->0,612,731,132438,0
100,1,0->866->839->379->450->362->90->1081->104->936->166->815->535->0,582,806,164697,0
101,1,0->440->489->1035->586->79->80->311->94->932->0,693,648,108493,0
102,1,0->1096->887->320->924->517->552->252->55->451->372->1042->678->0,596,771,159095,0
103,1,0->1064->145->917->60->878->225->519->378->585->1100->1100->382->82->990->0,620,747,184063,0
104,1,0->102->31->849->733->370->635->737->1053->195->724->0,571,799,142705,0
105,1,0->22->972->884->867->267->333->1025->1025->913->0,588,757,134691,0
106,1,0->1027->1027->1027->61->946->262->768->308->1100->443->711->1091->0,563,769,173686,0
107,1,0->1023->1023->1023->244->780->958->388->963->353->639->1100->0,555,806,183173,0
108,1,0->1024->1024->198->238->623->21->302->70->687->219->1009->536->971->0,517,870,178535,0
109,1,0->462->1030->1030->666->453->407->703->365->578->182->1034->876->0,570,776,140212,0
110,1,0->1012->1012->1012->402->1053->575->424->935->1->649->723->860->1081->151->0,548,711,187156,0
111,1,0->663->218->376->904->812->515->847->490->1003->0,678,695,124526,0
112,1,0->1084->467->966->416->900->210->236->89->667->75->1033->662->0,584,805,173941,0
113,1,0->1082->1082->115->347->775->213->350->105->209->1002->169->299->127->0,555,837,195312,0
114,1,0->853->348->69->920->87->1094->734->967->0,549,833,141686,0
115,1,0->715->175->555->559->828->331->1020->1020->772->305->909->0,575,773,152597,0
116,1,0->420->665->998->554->240->1020->432->624->494->0,578,740,150628,0
117,1,0->511->249->872->339->1047->0,596,722,118130,0
118,1,0->1016->690->20->306->444->65->278->633->713->503->1016->0,519,851,177459,0
119,1,0->281->54->777->1003->183->176->569->5->811->0,609,731,151269,0
120,1,0->743->507->258->486->1025->222->995->965->8->0,575,756,164102,0
121,1,0->894->1100->228->736->962->739->795->984->829->1031->857->0,623,764,190224,0
122,1,0->158->891->296->99->0,603,591,90404,0
123,1,0->1027->464->52->592->452->206->96->76->242->146->1081->0,550,828,165882,0
124,1,0->1027->343->285->594->952->1027->0,642,723,150569,0
125,1,0->389->394->991->78->88->1099->1099->427->439->315->344->1027->0,563,828,198131,0
126,1,0->660->582->698->637->933->1009->117->626->0,557,758,162083,0
127,1,0->1016->769->132->26->774->702->431->1056->506->211->74->472->0,565,834,197439,0
128,1,0->610->419->670->16->766->50->1045->395->551->521->961->704->595->0,568,834,196579,0
129,1,0->1053->987->192->280->491->1096->0,569,801,162249,0
130,1,0->369->827->1056->985->179->51->762->469->888->560->1075->0,537,848,206803,0
131,1,0->643->688->67->1074->674->0,513,675,160209,0
132,1,0->1036->926->405->968->537->658->48->614->879->1002->438->2->0,563,786,193391,0
133,1,0->42->1075->500->729->786->1096->0,553,767,161704,0
134,1,0->385->1053->540->583->390->725->1083->201->0,558,758,227816,0
135,1,0->435->655->523->1001->68->373->0,672,691,132921,0
136,1,0->1053->421->239->300->833->892->363->864->896->1068->915->24->0,619,776,207611,0
137,1,0->978->316->566->1012->0,605,612,108753,0
138,1,0->618->549->696->19->1010->708->12->957->869->579->1043->0,646,769,208367,0
139,1,0->428->177->15->522->1070->287->0,641,694,123384,0
140,1,0->684->155->268->1001->286->241->599->3->547->882->1095->0,541,836,179399,0
141,1,0->1064->358->851->197->325->1095->164->0,534,674,158712,0
142,1,0->574->327->651->1056->691->589->39->77->889->235->274->1045->527->572->858->890->619->0,595,822,229796,0
143,2,0->459->154->283->0,752,525,35463,0
144,2,0->562->719->745->275->0,577,655,105437,0
145,2,0->846->608->807->714->0,697,593,65516,0
146,1,0->150->1097->72->959->671->337->584->270->386->1027->0,648,742,178084,0
147,1,0->279->875->1053->231->620->731->371->1075->669->0,709,707,185606,0
148,2,0->130->718->0,780,560,65324,0
149,1,0->445->1062->326->152->139->110->1002->433->883->125->0,675,770,188971,0
150,1,0->1014->1014->836->359->787->1056->0,701,688,170728,0
151,1,0->605->399->328->1082->227->375->138->260->412->1067->0,568,809,172377,0
152,1,0->418->1020->499->979->556->0,736,634,126125,0
153,1,0->657->0,527,566,71236,0
154,1,0->790->0,769,502,18142,0
155,2,0->434->108->822->1023->0,771,652,141992,0
